16.66
16.67
16.65
16.66
16.66
16.65
16.66
16.66
16.66
16.66
16.66
16.66
16.66
83.32
16.66
16.66
16.67
16.66
16.67
16.67
16.66
16.66
16.66
16.66
16.66
16.75
16.56
16.66
16.66
49.98
16.66
16.66
49.98
16.66
16.66
16.66
16.66
100.04
16.64
16.68
16.65
16.7
16.63
16.65
16.66
66.66
16.73
16.59
16.66
16.66
16.64
16.66
16.66
16.67
16.66
16.65
16.68
16.63
16.66
16.65
16.66
16.68
16.65
33.33
33.32
16.66
16.66
16.66
16.67
16.67
16.65
16.67
16.65
16.66
16.67
16.66
16.66
16.67
16.67
66.67
16.66
16.66
16.66
16.66
16.66
16.66
16.67
16.66
16.66
249.94
16.67
16.67
16.68
16.64
16.66
16.66
16.68
16.66
16.65
16.66
16.66
16.68
16.66
16.65
16.67
16.66
16.64
16.67
16.66
16.66
50
16.66
16.66
16.66
16.66
100
16.64
16.66
16.66
16.66
16.66
83.33
16.66
16.66
16.67
16.65
16.66
16.66
33.34
16.65
16.66
16.67
16.65
16.66
16.72
16.59
16.66
16.66
16.67
16.66
16.66
16.67
33.32
16.66
16.67
16.66
16.67
49.97
16.66
16.66
16.66
16.66
166.7
16.65
16.67
16.67
16.67
16.66
16.67
33.33
16.66
16.67
166.7
16.66
16.67
16.67
16.67
16.67
50
16.66
16.65
16.66
16.66
16.66
16.66
16.66
16.66
16.66
16.67
16.65
16.68
66.67
16.65
16.67
16.66
16.66
133.32
16.66
16.67
16.66
16.66
16.66
16.67
16.66
133.34
16.65
16.67
16.66
16.67
16.67
16.67
16.66
16.66
16.67
16.66
16.67
16.67
16.67
50.01
16.66
16.66
16.66
16.67
16.66
216.69
16.64
16.67
16.65
16.67
16.66
16.64
16.67
16.68
99.96
16.65
16.66
16.66
16.66
16.66
16.66
16.66
16.66
16.66
16.66
50
16.66
116.67
16.65
16.66
16.66
16.66
16.66
33.31
16.65
16.66
16.65
16.65
16.66
16.66
16.66
16.66
16.65
16.66
16.66
33.32
16.66
16.66
16.66
16.65
49.98
16.65
16.66
16.66
16.66
16.66
166.61
16.65
16.66
16.67
16.66
16.64
16.67
16.66
16.66
16.66
16.65
16.66
49.98
16.65
16.65
16.65
16.65
16.66
16.66
16.66
16.67
16.65
16.67
16.66
16.67
16.66
16.66
16.65
16.66
16.66
16.66
16.66
16.66
16.66
16.67
116.66
16.66
16.66
16.66
16.66
116.66
16.65
16.65
16.67
16.66
16.66
16.66
16.66
49.99
16.65
16.66
16.66
16.66
16.66
16.66
99.99
16.64
16.77
16.57
16.66
16.66
16.66
16.66
100
16.64
16.66
16.65
16.68
16.65
16.66
16.67
16.65
16.67
16.67
16.66
16.66
66.68
16.65
16.67
16.65
16.67
16.67
16.66
16.67
16.66
16.66
16.66
16.66
16.67
16.65
16.66
16.66
16.66
16.66
16.66
16.66
16.66
16.66
16.64
16.67
66.66
16.66
16.66
16.66
16.65
16.66
16.73
16.58
16.66
16.66
16.66
83.32
16.66
16.67
16.66
33.34
66.66
16.66
16.65
16.66
16.69
16.66
16.65
16.66
16.68
16.66
16.66
16.66
16.67
16.67
16.67
16.65
16.69
150.04
16.66
16.67
16.67
16.67
16.66
16.66
16.67
16.67
66.69
66.7
33.31
16.67
16.67
16.67
16.66
16.66
16.66
16.67
16.66
16.66
16.66
16.71
66.63
16.66
16.67
16.66
16.66
16.67
16.67
16.67
16.66
16.66
16.66
16.67
16.66
16.67
16.67
16.65
16.68
16.66
16.67
16.66
16.65
16.68
16.67
16.66
16.67
16.67
100.03
16.65
16.66
16.65
16.67
16.69
16.63
16.66
16.66
16.67
16.67
16.67
16.66
16.66
16.66
16.66
16.67
16.66
16.66
16.67
16.86
16.47
16.66
100
16.66
16.66
16.67
16.66
166.65
16.66
16.66
16.65
16.66
16.67
16.66
16.67
16.66
16.66
16.65
16.68
16.67
16.68
16.67
16.67
50
33.33
16.66
16.66
116.68
16.65
16.66
16.66
16.66
16.67
16.64
66.66
16.65
16.66
16.65
16.65
16.66
16.65
83.32
16.66
16.66
16.67
16.65
17.02
32.94
16.66
16.67
16.77
16.55
16.66
16.66
16.66
16.66
16.67
16.67
50.01
16.66
16.67
16.69
16.62
16.66
16.67
100.01
16.66
16.66
16.67
16.67
16.67
16.67
16.67
16.67
16.67
33.32
16.66
16.67
16.66
16.66
16.67
16.67
16.67
16.66
16.67
16.67
16.66
100.04
16.65
16.66
16.65
16.68
16.66
16.66
16.65
16.67
16.67
16.72
16.61
50.01
16.66
16.67
16.66
16.66
16.67
16.67
16.67
16.67
16.67
16.66
16.67
16.67
16.66
16.67
16.66
16.67
16.66
16.66
16.67
16.66
16.66
16.66
16.67
100.02
16.66
16.66
16.66
16.66
33.34
16.67
16.66
33.34
16.65
16.65
16.68
16.66
16.67
16.65
16.66
16.86
16.47
16.66
16.66
16.79
16.53
166.96
16.35
16.66
16.66
16.66
16.66
16.67
16.67
16.65
16.68
16.66
16.66
100.04
16.65
16.67
16.67
16.67
16.67
16.67
33.33
16.65
16.66
16.66
16.66
16.66
49.97
16.66
16.66
16.65
16.65
16.66
16.66
16.66
49.99
16.66
16.67
16.66
16.66
16.68
83.28
16.66
16.67
16.66
16.66
16.67
16.66
83.32
16.67
16.65
16.66
16.66
16.66
16.66
16.65
16.66
49.98
16.66
16.65
16.67
16.66
16.66
16.66
16.66
99.97
16.64
16.66
16.66
16.66
16.65
16.68
16.67
16.66
16.67
16.68
16.63
16.67
16.74
16.58
16.66
16.66
50
83.33
16.66
16.66
16.66
16.66
16.66
16.66
16.66
16.69
366.64
16.65
16.66
16.66
16.65
16.66
16.66
16.67
16.67
16.66
100.03
16.65
16.66
16.67
16.65
16.66
16.65
16.68
16.66
16.67
16.65
100.02
16.65
16.67
16.66
16.68
16.67
16.65
16.67
16.66
166.67
16.72
16.58
16.66
16.66
16.66
16.65
16.66
16.66
133.37
16.65
16.67
16.66
16.66
16.66
16.66
16.67
83.34
166.65
16.65
16.66
16.66
16.66
16.67
16.66
16.67
33.33
50.17
16.48
16.66
16.65
16.67
16.68
16.66
16.67
16.65
16.68
16.66
16.67
50.01
116.7
16.65
16.67
16.67
16.66
16.67
16.66
16.66
16.66
16.67
16.66
16.67
33.33
16.65
16.67
33.34
33.34
16.66
16.67
16.67
16.67
16.67
99.98
16.66
16.67
16.66
16.66
16.66
16.67
50.02
16.63
16.66
200.02
16.67
16.67
16.66
16.66
16.66
16.65
16.66
16.66
16.7
16.62
16.66
16.65
16.64
16.66
16.65
16.66
16.66
16.66
16.66
166.63
16.66
16.66
16.66
16.65
16.67
166.64
16.64
16.66
16.66
16.65
16.67
16.66
16.66
16.66
16.66
16.66
33.33
16.65
16.66
16.65
66.66
16.64
16.66
16.66
16.66
16.66
33.31
16.65
16.66
16.66
16.66
16.66
16.66
49.98
16.65
16.65
16.65
16.65
149.96
16.65
16.66
116.62
16.66
16.66
16.66
16.66
16.65
16.66
16.66
16.65
16.65
16.66
16.67
16.64
16.66
16.66
16.65
16.66
16.66
99.98
16.65
16.66
16.66
16.66
116.64
16.67
16.65
16.66
16.66
16.65
16.65
16.66
16.65
16.66
16.66
16.65
16.66
16.65
16.65
16.65
16.66
16.65
16.65
16.66
16.65
16.65
16.67
16.66
16.66
16.66
16.66
16.66
83.33
16.65
16.66
16.69
16.63
16.66
16.65
16.66
16.65
16.65
16.66
16.65
49.99
16.65
16.65
16.66
16.65
16.66
66.65
16.65
16.64
16.67
16.66
16.66
16.66
16.65
16.65
16.66
66.64
16.65
16.65
16.66
16.66
16.66
199.92
16.66
16.66
16.8
16.51
16.66
16.66
16.66
16.66
16.66
16.65
16.65
16.68
16.66
16.67
16.66
16.66
16.66
16.66
16.66
16.66
16.65
16.66
16.66
16.66
16.67
66.69
16.97
33
16.66
16.67
16.66
16.65
216.68
16.67
16.66
16.67
16.66
16.66
66.65
16.66
16.68
16.66
16.66
16.66
16.66
33.32
16.66
16.66
16.66
16.66
16.66
16.66
16.66
16.66
16.66
16.66
16.66
16.66
16.66
16.65
16.66
16.66
16.97
16.35
16.66
16.67
166.63
16.65
16.66
16.66
16.66
16.66
16.66
16.66
16.66
16.66
16.66
16.66
16.66
16.66
16.67
16.66
16.68
16.66
66.66
33.33
16.66
16.66
16.66
16.66
16.66
16.66
16.67
16.66
16.66
16.66
16.67
16.66
16.67
16.66
16.66
16.67
16.68
83.35
16.71
16.61
100.03
16.65
16.66
16.67
16.66
16.66
16.66
16.67
16.66
16.67
50.31
216.37
16.64
16.65
16.68
16.66
16.69
16.65
16.65
50.02
16.67
16.66
16.67
16.66
16.67
16.66
16.66
16.68
16.66
16.67
16.66
16.65
16.66
16.66
16.66
16.66
66.68
16.65
116.67
16.65
16.73
16.59
16.66
16.65
16.66
16.67
16.68
16.65
16.66
16.66
16.68
16.66
16.67
16.67
16.67
16.66
66.68
16.69
16.64
16.67
16.66
16.66
16.67
16.68
16.67
16.67
16.67
133.37
16.64
16.67
16.67
16.68
16.66
16.66
16.66
16.66
16.67
100
16.66
16.66
16.66
16.67
66.66
16.66
16.66
16.66
16.66
16.66
16.66
150.02
16.65
16.68
16.66
16.66
16.67
16.67
16.67
16.65
16.67
16.66
16.68
16.65
16.67
16.64
16.68
16.65
16.66
16.67
16.66
233.34
16.68
16.62
16.66
16.67
16.67
16.66
16.67
116.64
16.65
16.67
16.66
16.66
16.66
16.64
16.67
16.66
16.66
16.66
16.66
16.66
16.66
16.67
16.66
100.02
16.67
16.65
16.68
16.66
16.67
16.67
16.67
16.67
16.66
16.67
16.67
16.65
16.68
16.66
16.66
133.35
16.65
16.66
16.68
16.67
16.66
16.67
16.66
16.66
49.98
16.67
16.67
16.66
16.68
16.65
16.66
50
16.66
16.73
16.59
16.66
16.67
33.34
16.66
16.67
16.67
16.67
16.67
16.67
16.75
16.57
66.69
16.65
16.66
16.67
16.67
16.67
16.66
50
16.65
16.67
16.67
16.66
16.67
16.67
33.36
16.68
16.66
16.66
133.4
16.64
16.67
16.67
16.68
16.67
16.67
100.05
16.64
16.71
16.63
16.67
33.33
16.66
16.68
16.67
16.66
16.69
16.67
16.67
16.66
16.67
16.66
250.11
100.02
16.65
16.68
16.64
16.65
16.68
16.66
16.66
16.67
16.67
16.68
16.65
16.67
16.66
16.67
16.66
16.66
16.66
16.67
16.66
16.66
16.67
66.68
49.99
16.66
16.68
116.74
16.73
16.57
16.67
16.67
16.68
16.67
16.67
16.67
66.69
16.68
16.66
16.68
16.65
16.68
16.67
16.67
16.67
16.65
16.68
16.67
16.66
50
16.68
16.67
16.65
16.68
16.7
16.64
16.67
16.68
16.64
16.67
16.71
16.61
16.67
16.67
16.65
150.05
16.66
16.67
16.67
16.67
16.69
16.63
16.67
16.67
16.67
16.73
16.6
16.67
66.69
16.68
16.64
16.66
16.67
66.68
16.65
16.66
16.67
16.67
16.66
16.67
16.67
16.66
16.66
16.68
66.65
16.66
16.65
16.67
16.66
16.66
83.36
16.65
16.67
16.67
16.66
16.66
16.66
16.67
16.67
16.65
16.65
16.66
16.66
16.66
116.77
16.58
16.66
16.67
16.66
16.68
16.65
16.67
16.67
16.68
16.65
16.76
16.58
16.67
16.67
16.65
16.67
16.67
16.65
16.66
16.66
16.67
16.66
16.67
250.06
16.65
16.67
16.66
16.7
16.63
16.66
16.84
99.84
16.65
16.66
16.66
16.66
16.66
16.66
16.67
16.66
16.68
16.65
16.66
16.66
66.66
16.68
16.66
16.65
183.37
16.66
16.65
16.67
16.68
16.67
16.65
16.68
16.72
16.6
16.68
16.67
16.67
16.67
16.66
16.67
16.66
16.66
16.66
16.66
16.67
16.67
16.65
16.66
16.66
16.66
16.66
16.66
16.66
16.66
16.66
83.34
166.7
16.66
16.66
16.67
16.67
16.65
16.68
16.68
16.65
16.66
16.67
16.67
16.67
16.67
16.67
16.66
16.66
16.65
16.67
16.66
16.67
83.35
16.65
16.66
16.68
16.65
16.67
49.99
16.66
16.66
16.66
16.66
16.66
33.34
133.35
16.83
16.5
16.67
66.68
16.65
16.65
16.66
16.66
16.67
16.66
16.66
16.67
16.66
16.66
16.66
16.93
149.78
16.65
16.67
16.66
16.67
16.66
16.66
16.67
16.66
100.02
16.65
16.73
16.59
16.67
16.66
16.66
133.31
16.66
16.68
16.65
16.67
16.67
16.64
33.35
100.06
16.64
16.67
16.67
16.65
16.67
16.66
16.67
16.67
16.66
16.66
33.33
16.65
16.68
16.67
16.67
16.67
16.67
16.7
16.64
16.67
16.66
16.67
100.03
16.65
16.67
16.67
16.67
116.71
16.66
16.67
16.68
16.67
16.67
16.67
16.67
16.67
16.67
16.67
16.67
16.67
50.01
16.67
16.7
33.29
16.65
16.68
16.66
16.67
16.65
16.68
16.66
16.66
16.65
16.67
16.65
16.68
16.66
16.65
16.68
16.65
16.68
16.66
16.9
16.42
16.67
16.67
16.67
16.66
16.66
16.67
100.02
16.67
16.64
16.67
16.64
16.66
16.66
16.67
17.13
82.87
16.66
16.66
16.66
16.66
149.99
16.67
16.64
16.67
16.66
16.66
100
16.67
16.66
16.67
16.69
16.64
16.66
16.67
16.66
16.68
66.66
16.66
99.98
16.66
16.65
16.67
16.66
16.65
16.66
16.66
16.65
16.66
16.66
16.66
16.66
16.68
16.66
16.68
16.66
16.67
16.66
16.66
166.72
16.68
16.63
16.67
16.67
16.66
16.66
16.66
16.67
16.67
66.66
16.66
16.67
16.65
16.67
16.67
16.67
16.66
16.66
16.66
50
16.65
16.66
16.66
16.74
16.61
16.66
16.67
16.66
16.67
16.67
16.66
16.66
16.65
16.66
16.66
16.65
16.66
66.66
16.67
16.65
16.66
16.67
16.65
16.68
16.66
66.67
16.66
16.65
100.01
16.64
16.65
16.67
16.66
16.65
16.67
16.66
49.99
49.98
16.66
16.67
16.66
16.66
33.33
16.66
33.34
16.66
16.66
16.66
16.67
16.67
50.01
16.66
16.7
16.62
100.02
116.66
16.66
16.66
16.67
16.66
16.67
16.66
16.67
33.32
16.66
16.65
16.66
16.68
16.64
16.65
16.67
16.66
16.66
16.66
16.66
16.65
16.67
16.66
50
16.65
16.67
16.66
16.66
16.67
16.67
249.98
16.66
16.66
16.66
16.66
16.66
16.67
16.66
16.67
16.65
16.66
16.66
16.66
16.66
16.65
16.65
16.67
16.66
16.74
16.58
16.67
16.72
16.61
16.66
66.66
16.67
16.67
16.66
16.66
16.66
16.66
16.66
16.66
16.66
16.66
16.66
66.66
16.66
16.65
16.67
16.66
16.67
16.65
16.66
16.66
16.67
16.66
16.65
16.67
16.67
83.34
16.66
16.66
16.67
16.66
16.66
16.68
16.66
16.68
16.65
16.65
16.67
16.67
16.67
16.67
16.66
16.65
16.66
16.68
16.67
16.66
16.66
16.67
16.65
16.67
16.66
16.66
16.66
99.99
16.66
16.64
16.68
16.66
16.67
16.68
16.93
16.39
16.66
166.69
16.65
16.66
16.66
16.67
16.66
16.66
16.76
16.54
16.66
16.67
16.66
16.66
100
16.65
16.66
16.66
16.66
16.66
33.32
16.66
16.66
16.66
16.66
16.68
33.29
16.68
16.66
16.67
16.69
16.64
16.68
16.65
33.32
16.66
16.66
16.66
16.67
16.67
16.66
16.66
16.66
33.34
16.66
16.66
16.67
16.66
16.66
16.66
16.66
16.67
16.66
16.67
16.65
16.66
16.67
16.67
16.67
16.67
16.66
16.66
16.66
16.67
16.67
16.66
16.66
16.66
16.66
16.67
16.76
83.24
16.66
16.67
16.67
16.73
16.59
16.66
16.67
49.99
16.66
16.66
16.67
16.67
16.67
50.02
16.67
16.67
16.67
16.66
16.66
16.67
16.67
16.66
16.67
16.67
16.67
16.67
100.03
16.67
16.66
16.68
16.67
16.67
16.67
16.77
49.91
16.67
16.67
16.66
16.67
33.34
16.67
16.67
16.67
100.02
16.66
16.66
16.66
16.66
16.71
16.62
16.66
33.32
100.01
16.66
149.98
16.66
16.65
16.66
16.67
16.65
16.66
16.65
16.69
33.3
16.65
16.66
16.66
33.33
16.66
16.66
16.66
16.65
16.65
16.66
16.66
16.66
16.66
16.67
16.66
16.66
16.83
16.49
16.67
16.65
16.67
16.67
16.66
16.66
16.66
83.33
16.66
16.66
16.66
16.66
16.66
49.99
16.66
16.66
16.67
16.68
16.64
16.66
16.65
16.68
16.66
100.01
16.65
16.66
16.66
16.67
16.66
16.67
16.66
16.66
16.67
16.66
16.67
100
16.66
16.66
16.66
16.66
33.34
16.66
16.66
16.67
16.66
16.66
33.33
33.33
16.67
16.66
16.66
16.66
16.66
16.66
16.67
16.67
16.66
16.67
16.67
250.05
16.66
16.66
16.66
16.66
16.66
16.67
16.68
16.64
16.65
16.68
16.66
16.65
16.66
16.66
16.66
16.67
66.67
16.66
33.34
16.66
16.67
100.02
16.67
16.65
16.68
16.67
16.66
16.67
50
16.66
16.66
16.66
16.67
16.66
16.66
16.67
16.66
16.66
16.66
16.66
16.66
16.66
16.66
16.66
16.65
33.33
16.66
16.66
16.67
16.67
16.66
16.66
16.66
50
16.67
16.65
16.66
16.66
16.66
49.99
16.66
16.66
16.66
16.67
16.66
16.66
16.66
66.68
16.64
16.66
100
16.67
16.67
16.68
16.65
16.65
16.66
16.66
116.67
16.64
16.68
16.64
16.66
16.65
16.66
16.67
16.66
16.66
16.66
16.66
16.66
16.67
16.66
16.66
16.66
99.98
16.65
16.66
16.69
16.63
16.66
16.65
16.66
16.66
16.66
16.66
16.66
16.67
233.31
16.65
16.66
16.66
16.66
16.66
16.67
16.66
16.67
33.34
16.67
16.66
16.66
16.67
16.66
16.67
16.66
16.67
16.66
16.66
16.66
16.66
16.66
16.66
99.99
16.65
16.66
16.66
16.66
16.66
16.66
16.67
16.67
16.67
83.35
16.66
16.67
16.67
33.34
16.66
16.66
16.66
16.65
16.68
16.67
16.67
16.66
16.68
66.69
16.67
16.66
16.66
16.66
16.66
16.65
16.67
16.75
16.58
16.66
16.65
16.69
16.65
16.66
16.68
16.68
16.66
16.67
49.99
16.65
16.71
16.62
16.66
16.64
16.68
16.66
116.67
16.66
16.67
16.67
16.66
16.67
16.67
50.01
16.66
16.67
16.66
16.66
16.66
16.66
16.67
200.02
16.65
16.65
16.68
16.67
16.69
16.66
16.67
16.66
16.67
16.67
16.66
16.66
16.67
16.67
16.66
50.03
16.66
16.67
16.67
16.65
16.66
16.67
16.66
16.65
16.71
16.64
16.67
16.67
50.01
16.66
16.67
16.65
16.67
16.66
16.68
16.65
16.66
16.67
16.66
16.66
16.69
16.65
16.67
16.66
16.66
16.66
16.66
16.66
16.67
16.66
16.67
16.67
16.66
50
16.66
16.67
16.67
16.67
16.66
33.35
16.66
16.67
16.67
33.33
16.67
16.66
100.01
16.65
16.66
16.66
16.66
33.35
16.65
16.67
16.67
16.67
16.66
16.66
16.67
16.66
16.66
16.67
16.67
16.67
33.33
16.66
16.66
16.67
16.66
33.34
16.66
16.67
16.65
16.67
16.68
16.67
16.67
16.66
16.66
16.75
33.24
16.69
16.63
16.65
16.68
16.67
33.33
100.01
33.31
16.66
16.65
16.67
16.68
16.67
16.67
16.67
16.66
16.67
16.66
16.68
16.67
16.7
16.66
16.66
16.66
16.66
16.67
16.67
16.66
16.68
16.65
16.67
16.67
16.67
16.67
100.06
16.65
166.74
16.74
16.57
16.67
16.65
16.67
16.67
16.66
16.66
16.67
16.66
16.66
16.68
16.66
16.66
16.66
16.65
16.68
16.65
16.66
83.35
16.65
16.67
16.66
33.33
16.66
16.67
16.67
16.66
166.71
16.65
16.67
16.66
16.67
16.66
16.66
16.66
16.65
16.66
16.66
16.66
16.66
16.66
16.67
16.66
16.66
16.66
16.66
16.67
16.65
16.66
16.66
16.66
83.36
16.65
16.67
16.65
83.35
16.65
16.69
16.66
16.66
16.66
16.68
49.99
16.66
16.67
16.66
16.66
16.67
50
16.66
16.66
16.66
16.66
16.66
16.66
16.67
16.66
16.67
16.66
16.66
16.66
16.9
16.43
16.66
16.66
66.66
16.65
33.35
16.93
16.42
16.65
16.67
16.66
50.03
16.67
16.66
16.68
16.67
16.66
16.67
16.68
16.65
16.67
16.67
16.67
16.67
33.54
16.49
16.68
16.68
16.66
16.67
83.37
16.67
16.67
16.67
16.67
16.68
16.66
50.01
16.66
16.65
16.68
16.67
16.68
16.67
233.45
16.66
16.67
16.67
16.67
16.67
116.71
16.66
16.67
16.67
16.66
16.67
16.68
16.67
16.67
16.67
33.33
16.68
16.71
16.63
16.67
16.7
16.64
16.67
16.67
16.67
233.42
16.66
16.66
16.67
16.66
16.66
50.01
16.66
16.67
16.67
16.75
16.59
16.67
66.68
16.67
16.67
16.67
16.67
16.67
16.65
16.68
16.69
16.65
16.67
16.67
16.66
16.7
16.62
16.67
16.68
16.66
16.66
16.67
16.66
16.66
16.66
16.67
16.66
16.66
16.66
16.66
16.67
50
33.33
33.33
16.65
16.68
16.67
16.67
